1	0
0.992114701	-0.125333234
0.968583161	-0.248689887
0.929776486	-0.368124553
0.87630668	-0.481753674
0.809016994	-0.587785252
0.728968627	-0.684547106
0.63742399	-0.770513243
0.535826795	-0.844327926
0.425779292	-0.904827052
0.309016994	-0.951056516
0.187381315	-0.982287251
0.06279052	-0.998026728
-0.06279052	-0.998026728
-0.187381315	-0.982287251
-0.309016994	-0.951056516
-0.425779292	-0.904827052
-0.535826795	-0.844327926
-0.63742399	-0.770513243
-0.728968627	-0.684547106
-0.809016994	-0.587785252
-0.87630668	-0.481753674
-0.929776486	-0.368124553
-0.968583161	-0.248689887
-0.992114701	-0.125333234
-1	0
-0.992114701	0.125333234
-0.968583161	0.248689887
-0.929776486	0.368124553
-0.87630668	0.481753674
-0.809016994	0.587785252
-0.728968627	0.684547106
-0.63742399	0.770513243
-0.535826795	0.844327926
-0.425779292	0.904827052
-0.309016994	0.951056516
-0.187381315	0.982287251
-0.06279052	0.998026728
0.06279052	0.998026728
0.187381315	0.982287251
0.309016994	0.951056516
0.425779292	0.904827052
0.535826795	0.844327926
0.63742399	0.770513243
0.728968627	0.684547106
0.809016994	0.587785252
0.87630668	0.481753674
0.929776486	0.368124553
0.968583161	0.248689887
0.992114701	0.125333234
1	0